17038050
17041005
17041011
17042013
17044024
17046001
17047011
17047012
17047013
17047014
17047015
17047016
17047017
17047019
17047020
17047021
17047022
17047023
17049066
17056020
17056051
17057011
17057012
17057044
17060014
17061038
17063010
17065004
17065041
17065042
17065043
17070012
17071054
17071057
17071058
17071060
17071061
17071062
17071063
17072001
17072003
17072004
17072005
17072006
17072009
17072010
17072011
17072012
17072013
17072014
17072015
17072020
17072046
17073002
17073005
17073006
17073013
17073048
17073050
17073064
17073065
17073066
17074021
17074023
17074024
17074025
17074026
17074027
17074028
17074029
17074030
17074035
17075019
17075020
17075024
17075025
17075026
17075027
17075099
17075101
17075102
17075105
17075106
17075107
17075108
17075109
17075110
17075111
17076001
17076002
17076003
17076010
17076011
17076012
17076042
17076043
17077034
17097025
17097030
17097048
17098035
17098036
17098037
17098038
17098039
17098040
17098043
17098045
17098046
17098047
17098048
17098050
17098057
17103019
17103020
17103059
17103060
17103061
17104001
17104002
17104003
17104004
17104005
17104006
17104007
17104008
17104009
17104011
17104012
17104013
17104014
17104015
17104016
17104017
17104018
17104026
17108001
17109052
17109053
17111009
17111064
17112055
17114045
17114046
17114047
17114049
17114050
17114051
17115001
17115002
17115003
17115004
17115005
17115007
17115008
17115009
17115010
17115012
17115013
17115014
17115016
17115018
17115019
17115021
17115022
17115023
17115026
17115028
17115030
17115031
17115032
17115033
17115035
17115037
17115038
17115044
17116006
17116008
17116018
17116046
17116047
17116048
17116049
17116050
17116052
17116053
17116054
17116056
17116057
17116058
17116059
17116061
17116062
17116063
17116065
17117003
17117006
17117007
17117008
17117010
17117011
17117012
17117013
17117014
17117015
17117019
17117020
17117021
17117023
17117028
17117029
17117035
17119001
17119002
17119003
17119004
17119005
17119006
17119007
17119009
17119011
17119012
17119013
17119014
17119015
17119016
17119066
17119073
17124033
17124040
17124041
17124050
17128025
